PSNR: 39.87277985
SSIM: 0.97572047
