PSNR: 33.34216690
SSIM: 0.77586222
