PSNR: 33.86481476
SSIM: 0.75803858
