PSNR: 27.31414032
SSIM: 0.60175818
