PSNR: 36.79828262
SSIM: 0.78624797
