PSNR: 23.64872169
SSIM: 0.58095956
