PSNR: 34.50703812
SSIM: 0.94904619
