PSNR: 35.92506027
SSIM: 0.83973920
